{
 "cells": [
  {
   "cell_type": "code",
   "execution_count": 1,
   "metadata": {},
   "outputs": [],
   "source": [
    "import pandas as pd\n",
    "import numpy as np\n",
    "import sklearn\n",
    "import seaborn as sns\n",
    "from sklearn import preprocessing\n",
    "from sklearn.metrics import accuracy_score\n",
    "from sklearn.metrics import roc_curve, auc, recall_score, precision_score, f1_score, confusion_matrix, recall_score\n",
    "from sklearn.model_selection import train_test_split\n",
    "import matplotlib.pyplot as plt\n",
    "%matplotlib inline"
   ]
  },
  {
   "cell_type": "markdown",
   "metadata": {},
   "source": [
    "1. Read the dataset and understand the features and target variable. 4 points\n",
    "2. Encode independent features. 4 points\n",
    "3. Separate the dependant variable from the rest of the train data 2 point\n",
    "4. Split the dataset into training and test data ( Take 80:20 ratio). 2 points\n",
    "5. Apply PCA on the independent features of train data. 2 point\n",
    "6. Display elbow plot to find out reduced number of dimensions (which covers more than 95% of the variance). 6 points\n",
    "7. Transform the data using PCA ( select optimum number of PCs). 4 points\n",
    "8. Apply KMeans algorithm on the above transformed data. 6 points\n",
    "9. Select optimal number of clusters and form clusters out of the train data. 10 points\n",
    "10. Create a new column in the train data and populate it with the cluster labels. 4 points\n",
    "11. Transform the test data using the same PCA object that was fit on the train data. 4 points\n",
    "12. Use the same kmeans object, assign cluster labels to the test data and store it as a feature. 4 points\n",
    "13. Apply SVC model on train dataset and predict target for test dataset. 6 points\n",
    "14. Check accuracy and confusion matrix. 2 point"
   ]
  },
  {
   "cell_type": "code",
   "execution_count": null,
   "metadata": {},
   "outputs": [],
   "source": []
  },
  {
   "cell_type": "markdown",
   "metadata": {},
   "source": [
    "1.Read the dataset and understand the features and target variable"
   ]
  },
  {
   "cell_type": "code",
   "execution_count": 2,
   "metadata": {},
   "outputs": [],
   "source": [
    "df = pd.read_csv('Qualitative_Bankruptcy.data.txt', sep=\",\", header=None)\n",
    "df.columns = ['industrial_risk', 'management_risk', 'financial_flexibility',\n",
    "              'credibility', 'competitiveness', 'operating_risk', 'class']"
   ]
  },
  {
   "cell_type": "markdown",
   "metadata": {},
   "source": [
    "It is evident from the data that \"Class\" is our Target Variable."
   ]
  },
  {
   "cell_type": "code",
   "execution_count": 3,
   "metadata": {
    "scrolled": false
   },
   "outputs": [
    {
     "data": {
      "text/html": [
       "<div>\n",
       "<style scoped>\n",
       "    .dataframe tbody tr th:only-of-type {\n",
       "        vertical-align: middle;\n",
       "    }\n",
       "\n",
       "    .dataframe tbody tr th {\n",
       "        vertical-align: top;\n",
       "    }\n",
       "\n",
       "    .dataframe thead th {\n",
       "        text-align: right;\n",
       "    }\n",
       "</style>\n",
       "<table border=\"1\" class=\"dataframe\">\n",
       "  <thead>\n",
       "    <tr style=\"text-align: right;\">\n",
       "      <th></th>\n",
       "      <th>industrial_risk</th>\n",
       "      <th>management_risk</th>\n",
       "      <th>financial_flexibility</th>\n",
       "      <th>credibility</th>\n",
       "      <th>competitiveness</th>\n",
       "      <th>operating_risk</th>\n",
       "      <th>class</th>\n",
       "    </tr>\n",
       "  </thead>\n",
       "  <tbody>\n",
       "    <tr>\n",
       "      <th>0</th>\n",
       "      <td>P</td>\n",
       "      <td>P</td>\n",
       "      <td>A</td>\n",
       "      <td>A</td>\n",
       "      <td>A</td>\n",
       "      <td>P</td>\n",
       "      <td>NB</td>\n",
       "    </tr>\n",
       "    <tr>\n",
       "      <th>1</th>\n",
       "      <td>N</td>\n",
       "      <td>N</td>\n",
       "      <td>A</td>\n",
       "      <td>A</td>\n",
       "      <td>A</td>\n",
       "      <td>N</td>\n",
       "      <td>NB</td>\n",
       "    </tr>\n",
       "    <tr>\n",
       "      <th>2</th>\n",
       "      <td>A</td>\n",
       "      <td>A</td>\n",
       "      <td>A</td>\n",
       "      <td>A</td>\n",
       "      <td>A</td>\n",
       "      <td>A</td>\n",
       "      <td>NB</td>\n",
       "    </tr>\n",
       "    <tr>\n",
       "      <th>3</th>\n",
       "      <td>P</td>\n",
       "      <td>P</td>\n",
       "      <td>P</td>\n",
       "      <td>P</td>\n",
       "      <td>P</td>\n",
       "      <td>P</td>\n",
       "      <td>NB</td>\n",
       "    </tr>\n",
       "    <tr>\n",
       "      <th>4</th>\n",
       "      <td>N</td>\n",
       "      <td>N</td>\n",
       "      <td>P</td>\n",
       "      <td>P</td>\n",
       "      <td>P</td>\n",
       "      <td>N</td>\n",
       "      <td>NB</td>\n",
       "    </tr>\n",
       "  </tbody>\n",
       "</table>\n",
       "</div>"
      ],
      "text/plain": [
       "  industrial_risk management_risk financial_flexibility credibility  \\\n",
       "0               P               P                     A           A   \n",
       "1               N               N                     A           A   \n",
       "2               A               A                     A           A   \n",
       "3               P               P                     P           P   \n",
       "4               N               N                     P           P   \n",
       "\n",
       "  competitiveness operating_risk class  \n",
       "0               A              P    NB  \n",
       "1               A              N    NB  \n",
       "2               A              A    NB  \n",
       "3               P              P    NB  \n",
       "4               P              N    NB  "
      ]
     },
     "execution_count": 3,
     "metadata": {},
     "output_type": "execute_result"
    }
   ],
   "source": [
    "df.head()"
   ]
  },
  {
   "cell_type": "markdown",
   "metadata": {},
   "source": [
    "2.Encode independent features"
   ]
  },
  {
   "cell_type": "code",
   "execution_count": 4,
   "metadata": {},
   "outputs": [],
   "source": [
    "#one hot encode data\n",
    "df_industrial = pd.get_dummies(df.industrial_risk)\n",
    "df_management = pd.get_dummies(df.management_risk)\n",
    "df_financial = pd.get_dummies(df.financial_flexibility)\n",
    "df_crdibility = pd.get_dummies(df.credibility)\n",
    "df_compete = pd.get_dummies(df.competitiveness)\n",
    "df_operating = pd.get_dummies(df.operating_risk)"
   ]
  },
  {
   "cell_type": "code",
   "execution_count": 5,
   "metadata": {},
   "outputs": [
    {
     "data": {
      "text/html": [
       "<div>\n",
       "<style scoped>\n",
       "    .dataframe tbody tr th:only-of-type {\n",
       "        vertical-align: middle;\n",
       "    }\n",
       "\n",
       "    .dataframe tbody tr th {\n",
       "        vertical-align: top;\n",
       "    }\n",
       "\n",
       "    .dataframe thead th {\n",
       "        text-align: right;\n",
       "    }\n",
       "</style>\n",
       "<table border=\"1\" class=\"dataframe\">\n",
       "  <thead>\n",
       "    <tr style=\"text-align: right;\">\n",
       "      <th></th>\n",
       "      <th>A</th>\n",
       "      <th>N</th>\n",
       "      <th>P</th>\n",
       "    </tr>\n",
       "  </thead>\n",
       "  <tbody>\n",
       "    <tr>\n",
       "      <th>0</th>\n",
       "      <td>0</td>\n",
       "      <td>0</td>\n",
       "      <td>1</td>\n",
       "    </tr>\n",
       "    <tr>\n",
       "      <th>1</th>\n",
       "      <td>0</td>\n",
       "      <td>1</td>\n",
       "      <td>0</td>\n",
       "    </tr>\n",
       "    <tr>\n",
       "      <th>2</th>\n",
       "      <td>1</td>\n",
       "      <td>0</td>\n",
       "      <td>0</td>\n",
       "    </tr>\n",
       "    <tr>\n",
       "      <th>3</th>\n",
       "      <td>0</td>\n",
       "      <td>0</td>\n",
       "      <td>1</td>\n",
       "    </tr>\n",
       "    <tr>\n",
       "      <th>4</th>\n",
       "      <td>0</td>\n",
       "      <td>1</td>\n",
       "      <td>0</td>\n",
       "    </tr>\n",
       "  </tbody>\n",
       "</table>\n",
       "</div>"
      ],
      "text/plain": [
       "   A  N  P\n",
       "0  0  0  1\n",
       "1  0  1  0\n",
       "2  1  0  0\n",
       "3  0  0  1\n",
       "4  0  1  0"
      ]
     },
     "execution_count": 5,
     "metadata": {},
     "output_type": "execute_result"
    }
   ],
   "source": [
    "df_industrial.head()"
   ]
  },
  {
   "cell_type": "code",
   "execution_count": 6,
   "metadata": {},
   "outputs": [
    {
     "data": {
      "text/html": [
       "<div>\n",
       "<style scoped>\n",
       "    .dataframe tbody tr th:only-of-type {\n",
       "        vertical-align: middle;\n",
       "    }\n",
       "\n",
       "    .dataframe tbody tr th {\n",
       "        vertical-align: top;\n",
       "    }\n",
       "\n",
       "    .dataframe thead th {\n",
       "        text-align: right;\n",
       "    }\n",
       "</style>\n",
       "<table border=\"1\" class=\"dataframe\">\n",
       "  <thead>\n",
       "    <tr style=\"text-align: right;\">\n",
       "      <th></th>\n",
       "      <th>industrial_risk</th>\n",
       "      <th>management_risk</th>\n",
       "      <th>financial_flexibility</th>\n",
       "      <th>credibility</th>\n",
       "      <th>competitiveness</th>\n",
       "      <th>operating_risk</th>\n",
       "      <th>class</th>\n",
       "    </tr>\n",
       "  </thead>\n",
       "  <tbody>\n",
       "    <tr>\n",
       "      <th>0</th>\n",
       "      <td>P</td>\n",
       "      <td>P</td>\n",
       "      <td>A</td>\n",
       "      <td>A</td>\n",
       "      <td>A</td>\n",
       "      <td>P</td>\n",
       "      <td>0</td>\n",
       "    </tr>\n",
       "    <tr>\n",
       "      <th>1</th>\n",
       "      <td>N</td>\n",
       "      <td>N</td>\n",
       "      <td>A</td>\n",
       "      <td>A</td>\n",
       "      <td>A</td>\n",
       "      <td>N</td>\n",
       "      <td>0</td>\n",
       "    </tr>\n",
       "    <tr>\n",
       "      <th>2</th>\n",
       "      <td>A</td>\n",
       "      <td>A</td>\n",
       "      <td>A</td>\n",
       "      <td>A</td>\n",
       "      <td>A</td>\n",
       "      <td>A</td>\n",
       "      <td>0</td>\n",
       "    </tr>\n",
       "    <tr>\n",
       "      <th>3</th>\n",
       "      <td>P</td>\n",
       "      <td>P</td>\n",
       "      <td>P</td>\n",
       "      <td>P</td>\n",
       "      <td>P</td>\n",
       "      <td>P</td>\n",
       "      <td>0</td>\n",
       "    </tr>\n",
       "    <tr>\n",
       "      <th>4</th>\n",
       "      <td>N</td>\n",
       "      <td>N</td>\n",
       "      <td>P</td>\n",
       "      <td>P</td>\n",
       "      <td>P</td>\n",
       "      <td>N</td>\n",
       "      <td>0</td>\n",
       "    </tr>\n",
       "  </tbody>\n",
       "</table>\n",
       "</div>"
      ],
      "text/plain": [
       "  industrial_risk management_risk financial_flexibility credibility  \\\n",
       "0               P               P                     A           A   \n",
       "1               N               N                     A           A   \n",
       "2               A               A                     A           A   \n",
       "3               P               P                     P           P   \n",
       "4               N               N                     P           P   \n",
       "\n",
       "  competitiveness operating_risk  class  \n",
       "0               A              P      0  \n",
       "1               A              N      0  \n",
       "2               A              A      0  \n",
       "3               P              P      0  \n",
       "4               P              N      0  "
      ]
     },
     "execution_count": 6,
     "metadata": {},
     "output_type": "execute_result"
    }
   ],
   "source": [
    "#Encoding Class Variable where NB = 0 & B = 1\n",
    "cleanup_nums = {\"class\":{\"NB\":0, \"B\":1}}\n",
    "df.replace(cleanup_nums, inplace=True)\n",
    "df.head()"
   ]
  },
  {
   "cell_type": "code",
   "execution_count": 7,
   "metadata": {},
   "outputs": [],
   "source": [
    "#combine data\n",
    "df_new = pd.concat([df_industrial,df_management,df_financial,df_crdibility,df_compete,\n",
    "                    df_operating, df['class']],axis=1)"
   ]
  },
  {
   "cell_type": "code",
   "execution_count": 8,
   "metadata": {
    "scrolled": true
   },
   "outputs": [
    {
     "data": {
      "text/html": [
       "<div>\n",
       "<style scoped>\n",
       "    .dataframe tbody tr th:only-of-type {\n",
       "        vertical-align: middle;\n",
       "    }\n",
       "\n",
       "    .dataframe tbody tr th {\n",
       "        vertical-align: top;\n",
       "    }\n",
       "\n",
       "    .dataframe thead th {\n",
       "        text-align: right;\n",
       "    }\n",
       "</style>\n",
       "<table border=\"1\" class=\"dataframe\">\n",
       "  <thead>\n",
       "    <tr style=\"text-align: right;\">\n",
       "      <th></th>\n",
       "      <th>A</th>\n",
       "      <th>N</th>\n",
       "      <th>P</th>\n",
       "      <th>A</th>\n",
       "      <th>N</th>\n",
       "      <th>P</th>\n",
       "      <th>A</th>\n",
       "      <th>N</th>\n",
       "      <th>P</th>\n",
       "      <th>A</th>\n",
       "      <th>N</th>\n",
       "      <th>P</th>\n",
       "      <th>A</th>\n",
       "      <th>N</th>\n",
       "      <th>P</th>\n",
       "      <th>A</th>\n",
       "      <th>N</th>\n",
       "      <th>P</th>\n",
       "      <th>class</th>\n",
       "    </tr>\n",
       "  </thead>\n",
       "  <tbody>\n",
       "    <tr>\n",
       "      <th>0</th>\n",
       "      <td>0</td>\n",
       "      <td>0</td>\n",
       "      <td>1</td>\n",
       "      <td>0</td>\n",
       "      <td>0</td>\n",
       "      <td>1</td>\n",
       "      <td>1</td>\n",
       "      <td>0</td>\n",
       "      <td>0</td>\n",
       "      <td>1</td>\n",
       "      <td>0</td>\n",
       "      <td>0</td>\n",
       "      <td>1</td>\n",
       "      <td>0</td>\n",
       "      <td>0</td>\n",
       "      <td>0</td>\n",
       "      <td>0</td>\n",
       "      <td>1</td>\n",
       "      <td>0</td>\n",
       "    </tr>\n",
       "    <tr>\n",
       "      <th>1</th>\n",
       "      <td>0</td>\n",
       "      <td>1</td>\n",
       "      <td>0</td>\n",
       "      <td>0</td>\n",
       "      <td>1</td>\n",
       "      <td>0</td>\n",
       "      <td>1</td>\n",
       "      <td>0</td>\n",
       "      <td>0</td>\n",
       "      <td>1</td>\n",
       "      <td>0</td>\n",
       "      <td>0</td>\n",
       "      <td>1</td>\n",
       "      <td>0</td>\n",
       "      <td>0</td>\n",
       "      <td>0</td>\n",
       "      <td>1</td>\n",
       "      <td>0</td>\n",
       "      <td>0</td>\n",
       "    </tr>\n",
       "    <tr>\n",
       "      <th>2</th>\n",
       "      <td>1</td>\n",
       "      <td>0</td>\n",
       "      <td>0</td>\n",
       "      <td>1</td>\n",
       "      <td>0</td>\n",
       "      <td>0</td>\n",
       "      <td>1</td>\n",
       "      <td>0</td>\n",
       "      <td>0</td>\n",
       "      <td>1</td>\n",
       "      <td>0</td>\n",
       "      <td>0</td>\n",
       "      <td>1</td>\n",
       "      <td>0</td>\n",
       "      <td>0</td>\n",
       "      <td>1</td>\n",
       "      <td>0</td>\n",
       "      <td>0</td>\n",
       "      <td>0</td>\n",
       "    </tr>\n",
       "    <tr>\n",
       "      <th>3</th>\n",
       "      <td>0</td>\n",
       "      <td>0</td>\n",
       "      <td>1</td>\n",
       "      <td>0</td>\n",
       "      <td>0</td>\n",
       "      <td>1</td>\n",
       "      <td>0</td>\n",
       "      <td>0</td>\n",
       "      <td>1</td>\n",
       "      <td>0</td>\n",
       "      <td>0</td>\n",
       "      <td>1</td>\n",
       "      <td>0</td>\n",
       "      <td>0</td>\n",
       "      <td>1</td>\n",
       "      <td>0</td>\n",
       "      <td>0</td>\n",
       "      <td>1</td>\n",
       "      <td>0</td>\n",
       "    </tr>\n",
       "    <tr>\n",
       "      <th>4</th>\n",
       "      <td>0</td>\n",
       "      <td>1</td>\n",
       "      <td>0</td>\n",
       "      <td>0</td>\n",
       "      <td>1</td>\n",
       "      <td>0</td>\n",
       "      <td>0</td>\n",
       "      <td>0</td>\n",
       "      <td>1</td>\n",
       "      <td>0</td>\n",
       "      <td>0</td>\n",
       "      <td>1</td>\n",
       "      <td>0</td>\n",
       "      <td>0</td>\n",
       "      <td>1</td>\n",
       "      <td>0</td>\n",
       "      <td>1</td>\n",
       "      <td>0</td>\n",
       "      <td>0</td>\n",
       "    </tr>\n",
       "  </tbody>\n",
       "</table>\n",
       "</div>"
      ],
      "text/plain": [
       "   A  N  P  A  N  P  A  N  P  A  N  P  A  N  P  A  N  P  class\n",
       "0  0  0  1  0  0  1  1  0  0  1  0  0  1  0  0  0  0  1      0\n",
       "1  0  1  0  0  1  0  1  0  0  1  0  0  1  0  0  0  1  0      0\n",
       "2  1  0  0  1  0  0  1  0  0  1  0  0  1  0  0  1  0  0      0\n",
       "3  0  0  1  0  0  1  0  0  1  0  0  1  0  0  1  0  0  1      0\n",
       "4  0  1  0  0  1  0  0  0  1  0  0  1  0  0  1  0  1  0      0"
      ]
     },
     "execution_count": 8,
     "metadata": {},
     "output_type": "execute_result"
    }
   ],
   "source": [
    "df_new.head()"
   ]
  },
  {
   "cell_type": "markdown",
   "metadata": {},
   "source": [
    "3. Separate the dependant variable from the rest of the train data"
   ]
  },
  {
   "cell_type": "code",
   "execution_count": 9,
   "metadata": {},
   "outputs": [],
   "source": [
    "#split data\n",
    "X = df_new.drop('class', axis=1)\n",
    "y = df_new['class']"
   ]
  },
  {
   "cell_type": "markdown",
   "metadata": {},
   "source": [
    "4.Split the dataset into training and test data ( Take 80:20 ratio)"
   ]
  },
  {
   "cell_type": "code",
   "execution_count": 10,
   "metadata": {},
   "outputs": [],
   "source": [
    "from sklearn.model_selection import train_test_split\n",
    "X_train, X_test, y_train, y_test = train_test_split(X,y, test_size = 0.2, random_state = 10)"
   ]
  },
  {
   "cell_type": "markdown",
   "metadata": {},
   "source": [
    "5. Apply PCA on the independent features of train data"
   ]
  },
  {
   "cell_type": "code",
   "execution_count": 11,
   "metadata": {},
   "outputs": [],
   "source": [
    "from sklearn.preprocessing import StandardScaler\n",
    "X_train_sd = StandardScaler().fit_transform(X_train)\n",
    "X_test_sd = StandardScaler().fit_transform(X_test)"
   ]
  },
  {
   "cell_type": "code",
   "execution_count": 12,
   "metadata": {},
   "outputs": [
    {
     "name": "stdout",
     "output_type": "stream",
     "text": [
      "Covariance Matrix \n",
      "%s [[ 1.00502513e+00 -5.21805733e-01 -4.56818004e-01  2.81675613e-01\n",
      "  -2.49126864e-01 -4.79997101e-03  4.83687348e-02  1.87220378e-02\n",
      "  -7.32692257e-02  1.97181829e-02 -5.73051764e-02  4.07410366e-02\n",
      "   8.78963827e-02 -5.34612320e-02 -2.29334225e-02  2.09457204e-01\n",
      "  -1.55436454e-01 -2.14753674e-02]\n",
      " [-5.21805733e-01  1.00502513e+00 -5.27913217e-01 -3.23648839e-01\n",
      "   4.02723095e-01 -1.29721879e-01 -1.08656752e-01  1.40380954e-01\n",
      "  -4.86081240e-02 -7.47948148e-02  5.34618086e-02  1.99156171e-02\n",
      "  -1.37704825e-01  2.79633517e-01 -1.65400606e-01 -7.14639504e-02\n",
      "   1.61178133e-01 -1.09906551e-01]\n",
      " [-4.56818004e-01 -5.27913217e-01  1.00502513e+00  5.68608176e-02\n",
      "  -1.71679791e-01  1.39976462e-01  6.50849888e-02 -1.64946899e-01\n",
      "   1.23610045e-01  5.83195516e-02  1.33724188e-03 -6.13198864e-02\n",
      "   5.60036376e-02 -2.38208297e-01  1.95215667e-01 -1.34064751e-01\n",
      "  -1.32217619e-02  1.35927523e-01]\n",
      " [ 2.81675613e-01 -3.23648839e-01  5.68608176e-02  1.00502513e+00\n",
      "  -5.96151773e-01 -3.57025514e-01 -5.91949595e-03 -7.44479733e-02\n",
      "   9.32908909e-02 -5.25691281e-02  3.96590643e-02  1.17797841e-02\n",
      "  -5.70152144e-02 -9.01112287e-02  1.43139352e-01  1.44728249e-01\n",
      "  -9.68720617e-02 -2.62532511e-02]\n",
      " [-2.49126864e-01  4.02723095e-01 -1.71679791e-01 -5.96151773e-01\n",
      "   1.00502513e+00 -5.44569907e-01 -1.67432301e-01  2.89324695e-01\n",
      "  -1.60220087e-01 -8.32527536e-02  2.05242841e-01 -1.32944983e-01\n",
      "  -7.89128027e-02  2.87460950e-01 -2.25540082e-01  6.32568650e-02\n",
      "   8.77046986e-02 -1.52448220e-01]\n",
      " [-4.79997101e-03 -1.29721879e-01  1.39976462e-01 -3.57025514e-01\n",
      "  -5.44569907e-01  1.00502513e+00  2.00585571e-01 -2.58213565e-01\n",
      "   8.86386226e-02  1.51545527e-01 -2.79710578e-01  1.42064769e-01\n",
      "   1.51147994e-01 -2.39697574e-01  1.12441338e-01 -2.24539803e-01\n",
      "  -7.02303441e-04  2.04415408e-01]\n",
      " [ 4.83687348e-02 -1.08656752e-01  6.50849888e-02 -5.91949595e-03\n",
      "  -1.67432301e-01  2.00585571e-01  1.00502513e+00 -6.04864001e-01\n",
      "  -3.60948772e-01  1.92700478e-01 -4.34408237e-01  2.64448473e-01\n",
      "   3.75327918e-01 -4.90409293e-01  1.71491628e-01 -1.07406772e-01\n",
      "  -9.45238681e-02  1.99883733e-01]\n",
      " [ 1.87220378e-02  1.40380954e-01 -1.64946899e-01 -7.44479733e-02\n",
      "   2.89324695e-01 -2.58213565e-01 -6.04864001e-01  1.00502513e+00\n",
      "  -5.31847030e-01 -3.34269604e-01  6.90328390e-01 -3.91438221e-01\n",
      "  -4.05823763e-01  8.28262510e-01 -4.91727773e-01  1.16939084e-01\n",
      "   7.70613404e-02 -1.89599346e-01]\n",
      " [-7.32692257e-02 -4.86081240e-02  1.23610045e-01  9.32908909e-02\n",
      "  -1.60220087e-01  8.86386226e-02 -3.60948772e-01 -5.31847030e-01\n",
      "   1.00502513e+00  1.85897119e-01 -3.45188925e-01  1.76475752e-01\n",
      "   7.54811941e-02 -4.46882599e-01  3.92440084e-01 -2.25414777e-02\n",
      "   1.03729031e-02  9.20014528e-03]\n",
      " [ 1.97181829e-02 -7.47948148e-02  5.83195516e-02 -5.25691281e-02\n",
      "  -8.32527536e-02  1.51545527e-01  1.92700478e-01 -3.34269604e-01\n",
      "   1.85897119e-01  1.00502513e+00 -5.45962315e-01 -4.51110736e-01\n",
      "   1.95473188e-01 -2.97761178e-01  1.32845754e-01 -1.60579930e-02\n",
      "  -9.78087907e-02  1.20592803e-01]\n",
      " [-5.73051764e-02  5.34618086e-02  1.33724188e-03  3.96590643e-02\n",
      "   2.05242841e-01 -2.79710578e-01 -4.34408237e-01  6.90328390e-01\n",
      "  -3.45188925e-01 -5.45962315e-01  1.00502513e+00 -5.08966645e-01\n",
      "  -3.38421435e-01  7.33363841e-01 -4.53911024e-01  2.23130881e-02\n",
      "   2.13238457e-01 -2.51396231e-01]\n",
      " [ 4.07410366e-02  1.99156171e-02 -6.13198864e-02  1.17797841e-02\n",
      "  -1.32944983e-01  1.42064769e-01  2.64448473e-01 -3.91438221e-01\n",
      "   1.76475752e-01 -4.51110736e-01 -5.08966645e-01  1.00502513e+00\n",
      "   1.59437794e-01 -4.74738420e-01  3.46679437e-01 -7.25657922e-03\n",
      "  -1.26505415e-01  1.43718292e-01]\n",
      " [ 8.78963827e-02 -1.37704825e-01  5.60036376e-02 -5.70152144e-02\n",
      "  -7.89128027e-02  1.51147994e-01  3.75327918e-01 -4.05823763e-01\n",
      "   7.54811941e-02  1.95473188e-01 -3.38421435e-01  1.59437794e-01\n",
      "   1.00502513e+00 -4.64350647e-01 -4.13251513e-01  6.88259013e-02\n",
      "  -2.39599870e-01  1.97311370e-01]\n",
      " [-5.34612320e-02  2.79633517e-01 -2.38208297e-01 -9.01112287e-02\n",
      "   2.87460950e-01 -2.39697574e-01 -4.90409293e-01  8.28262510e-01\n",
      "  -4.46882599e-01 -2.97761178e-01  7.33363841e-01 -4.74738420e-01\n",
      "  -4.64350647e-01  1.00502513e+00 -6.21551560e-01 -3.54776530e-02\n",
      "   2.14128172e-01 -1.99945419e-01]\n",
      " [-2.29334225e-02 -1.65400606e-01  1.95215667e-01  1.43139352e-01\n",
      "  -2.25540082e-01  1.12441338e-01  1.71491628e-01 -4.91727773e-01\n",
      "   3.92440084e-01  1.32845754e-01 -4.53911024e-01  3.46679437e-01\n",
      "  -4.13251513e-01 -6.21551560e-01  1.00502513e+00 -2.45197137e-02\n",
      "  -7.78516372e-03  3.06784103e-02]\n",
      " [ 2.09457204e-01 -7.14639504e-02 -1.34064751e-01  1.44728249e-01\n",
      "   6.32568650e-02 -2.24539803e-01 -1.07406772e-01  1.16939084e-01\n",
      "  -2.25414777e-02 -1.60579930e-02  2.23130881e-02 -7.25657922e-03\n",
      "   6.88259013e-02 -3.54776530e-02 -2.45197137e-02  1.00502513e+00\n",
      "  -5.09950851e-01 -3.58735903e-01]\n",
      " [-1.55436454e-01  1.61178133e-01 -1.32217619e-02 -9.68720617e-02\n",
      "   8.77046986e-02 -7.02303441e-04 -9.45238681e-02  7.70613404e-02\n",
      "   1.03729031e-02 -9.78087907e-02  2.13238457e-01 -1.26505415e-01\n",
      "  -2.39599870e-01  2.14128172e-01 -7.78516372e-03 -5.09950851e-01\n",
      "   1.00502513e+00 -6.26968080e-01]\n",
      " [-2.14753674e-02 -1.09906551e-01  1.35927523e-01 -2.62532511e-02\n",
      "  -1.52448220e-01  2.04415408e-01  1.99883733e-01 -1.89599346e-01\n",
      "   9.20014528e-03  1.20592803e-01 -2.51396231e-01  1.43718292e-01\n",
      "   1.97311370e-01 -1.99945419e-01  3.06784103e-02 -3.58735903e-01\n",
      "  -6.26968080e-01  1.00502513e+00]]\n",
      "\n",
      "\n",
      "Eigenvectors \n",
      "[[ 4.95595317e-02  4.67446199e-01  1.28953573e-01 -2.57733481e-02\n",
      "  -8.12396969e-02 -1.38812987e-01 -9.49658885e-02  3.65036925e-01\n",
      "  -4.65188157e-01  2.20517154e-01  8.03347817e-02 -3.06465472e-03\n",
      "   5.04338873e-02  1.77341425e-01 -2.01256880e-01  3.05403888e-01\n",
      "   2.53728087e-01 -1.85589795e-01]\n",
      " [-1.65587829e-01 -4.40165787e-01  1.06674713e-01  1.35263284e-01\n",
      "  -8.59328376e-02 -2.91269835e-01 -3.64019543e-02  1.30403043e-02\n",
      "   4.60059502e-01  1.93545221e-01 -2.18518377e-01  7.50251979e-02\n",
      "   5.27925566e-02  1.85635249e-01 -2.10669170e-01  3.19686879e-01\n",
      "   2.65594328e-01 -1.94269374e-01]\n",
      " [ 1.23233494e-01 -6.66578634e-03 -2.39569485e-01 -1.15311572e-01\n",
      "   1.70445987e-01  4.41772781e-01  1.32490847e-01 -3.77038181e-01\n",
      "  -1.63158460e-02 -4.21271652e-01  1.47756975e-01 -7.51406731e-02\n",
      "   5.06544512e-02  1.78116997e-01 -2.02137042e-01  3.06739519e-01\n",
      "   2.54837723e-01 -1.86401439e-01]\n",
      " [ 6.66140201e-02  4.83031742e-01 -2.25562663e-01  2.86724158e-02\n",
      "   1.17591217e-01 -4.91418341e-02 -2.36720143e-02  1.74556638e-02\n",
      "   3.02029544e-01 -1.09282597e-01 -4.98877825e-01  1.56156774e-01\n",
      "  -2.87286898e-02  5.20013122e-01  1.10402288e-01 -1.19606474e-01\n",
      "  -1.39199190e-01  1.53898322e-02]\n",
      " [-2.27718065e-01 -3.29463294e-01  1.87572513e-01 -3.98830167e-02\n",
      "  -3.26434493e-02 -2.59464496e-01  1.81898556e-01 -1.54490201e-01\n",
      "  -4.70454485e-01 -2.22265104e-01  6.90044379e-02  9.93070813e-02\n",
      "  -3.19519238e-02  5.78356333e-01  1.22788945e-01 -1.33025801e-01\n",
      "  -1.54816733e-01  1.71165044e-02]\n",
      " [ 1.94860481e-01 -1.21731385e-01  1.76904455e-02  1.63750120e-02\n",
      "  -8.48595723e-02  3.52567131e-01 -1.86489651e-01  1.61155482e-01\n",
      "   2.30934785e-01  3.72160142e-01  4.40693244e-01 -2.78328796e-01\n",
      "  -2.75186468e-02  4.98110340e-01  1.05752180e-01 -1.14568689e-01\n",
      "  -1.33336165e-01  1.47416175e-02]\n",
      " [ 2.61979926e-01 -7.45535019e-02  2.72867660e-01 -2.37616372e-01\n",
      "  -2.59572829e-01  7.95781693e-02 -2.29728196e-01  2.31212441e-01\n",
      "   1.23194012e-01 -3.67688946e-01  4.76751254e-02  3.73187769e-01\n",
      "  -4.37750936e-01 -1.97416061e-02  3.10439436e-01  1.12857923e-01\n",
      "   1.38112292e-01 -5.93397540e-02]\n",
      " [-4.13036582e-01  1.33919713e-01  4.35607615e-02  4.23760359e-01\n",
      "   4.26761405e-01  8.94039050e-02 -4.05023088e-02 -9.93752555e-02\n",
      "  -7.24473510e-03  1.25721438e-01  1.45211786e-01  2.47072287e-02\n",
      "  -4.81488339e-01 -2.17140670e-02  3.41456651e-01  1.24133998e-01\n",
      "   1.51911630e-01 -6.52686202e-02]\n",
      " [ 2.04338846e-01 -7.72909711e-02 -3.40819199e-01 -2.42756390e-01\n",
      "  -2.22935454e-01 -1.89028702e-01  2.91410731e-01 -1.29523549e-01\n",
      "  -1.22423300e-01  2.43736678e-01 -2.20351123e-01 -4.25373406e-01\n",
      "  -4.12013387e-01 -1.85808992e-02  2.92187162e-01  1.06222445e-01\n",
      "   1.29991986e-01 -5.58508754e-02]\n",
      " [ 1.80404621e-01 -7.75791398e-02  1.03859545e-01 -2.73249827e-02\n",
      "   2.51128796e-01  1.37877180e-01  6.12570443e-01  2.74390384e-01\n",
      "   4.59270008e-02  1.49364521e-01 -4.03515030e-04  2.48932219e-01\n",
      "   1.53916627e-01  8.68882718e-03  2.34678671e-01 -3.26586002e-01\n",
      "   4.02406316e-01 -3.96183439e-01]\n",
      " [-3.87152590e-01  1.41654235e-01 -8.69107032e-02  1.75876727e-01\n",
      "  -6.05623705e-01  1.75435559e-01 -9.06573918e-02 -9.29382244e-02\n",
      "   9.67909614e-03 -1.12414662e-01 -2.25396052e-02 -9.23409266e-02\n",
      "   1.59506951e-01  9.00440946e-03  2.43202310e-01 -3.38447759e-01\n",
      "   4.17021902e-01 -4.10573007e-01]\n",
      " [ 2.26780558e-01 -7.10918589e-02 -1.41651663e-02 -1.59129474e-01\n",
      "   3.86672347e-01 -3.28329399e-01 -5.32644614e-01 -1.82892062e-01\n",
      "  -5.74708259e-02 -3.37556762e-02  2.44043236e-02 -1.57381200e-01\n",
      "   1.49864075e-01  8.46005446e-03  2.28499692e-01 -3.17987147e-01\n",
      "   3.91811148e-01 -3.85752116e-01]\n",
      " [ 2.02759365e-01  1.71225701e-04  4.34717774e-01  3.31809989e-01\n",
      "   2.83198010e-02  6.13471697e-02  7.44523501e-02  9.53939412e-02\n",
      "  -4.45870790e-03 -2.64722247e-01 -2.45855116e-01 -4.83486760e-01\n",
      "   2.97702153e-01 -3.39686487e-03  3.19114548e-01  2.76771376e-01\n",
      "  -1.00869093e-01  1.32318882e-01]\n",
      " [-4.30467995e-01  4.00524241e-02  3.21870422e-02 -6.12831216e-01\n",
      "   1.11646081e-01  1.33700733e-01 -4.51991262e-02  1.88082468e-02\n",
      "   7.01860685e-02  1.56176535e-01 -3.14581411e-02  4.08495618e-02\n",
      "   3.45330758e-01 -3.94032058e-03  3.70168867e-01  3.21051319e-01\n",
      "  -1.17006880e-01  1.53488241e-01]\n",
      " [ 2.62790519e-01 -4.13190494e-02 -4.18275675e-01  3.35881471e-01\n",
      "  -1.39847356e-01 -1.91780660e-01 -1.95130889e-02 -1.03858009e-01\n",
      "  -6.81890297e-02  7.40399425e-02  2.50179954e-01  3.86419003e-01\n",
      "   3.35978403e-01 -3.83360759e-03  3.60143838e-01  3.12356508e-01\n",
      "  -1.13838064e-01  1.49331425e-01]\n",
      " [-3.03941654e-02  3.15751715e-01  1.51512075e-01 -1.01882663e-01\n",
      "  -5.48390323e-02 -4.00909534e-01  2.54292327e-01 -1.30497014e-01\n",
      "   3.39271244e-01 -1.55234509e-01  4.36811148e-01 -1.27250492e-01\n",
      "   3.28587829e-02  1.14605515e-01  2.60378367e-02 -8.49832239e-02\n",
      "   2.05429313e-01  3.07116830e-01]\n",
      " [-1.36473069e-01 -2.59574200e-01 -3.86922482e-01  5.80550785e-02\n",
      "   1.19072163e-01  8.74875199e-02 -1.21096867e-01  5.05198036e-01\n",
      "  -1.24242518e-01 -1.98439867e-01 -1.11397385e-01 -9.98276380e-02\n",
      "   3.92731943e-02  1.36977827e-01  3.11207212e-02 -1.01572924e-01\n",
      "   2.45531472e-01  3.67069559e-01]\n",
      " [ 1.75509037e-01 -4.99354124e-03  2.82019628e-01  2.94720638e-02\n",
      "  -7.93406160e-02  2.68778865e-01 -9.93655419e-02 -4.29295165e-01\n",
      "  -1.73030084e-01  3.55911643e-01 -2.75421862e-01  2.23631165e-01\n",
      "   3.62286111e-02  1.26358869e-01  2.87081437e-02 -9.36986674e-02\n",
      "   2.26497089e-01  3.38613156e-01]]\n",
      "\n",
      "\n",
      "Eigenvalues \n",
      "[ 4.54629453e+00  2.17923478e+00  1.94152933e+00  2.14160869e-01\n",
      "  4.23336619e-01  1.74528889e+00  1.49612556e+00  1.39754172e+00\n",
      "  8.48372240e-01  1.21520674e+00  9.95110596e-01  1.08825037e+00\n",
      " -1.76926412e-15  1.68727308e-15  1.12583016e-15 -4.97102163e-16\n",
      "  1.01116131e-16 -5.27704917e-17]\n"
     ]
    }
   ],
   "source": [
    "cov_matrix = np.cov(X_train_sd.T)\n",
    "print('Covariance Matrix \\n%s', cov_matrix)\n",
    "\n",
    "e_vals, e_vecs = np.linalg.eig(cov_matrix)\n",
    "e_vals, e_vecs = np.linalg.eig(cov_matrix)\n",
    "print('\\n')\n",
    "print('Eigenvectors \\n%s' %e_vecs)\n",
    "print('\\n')\n",
    "print('Eigenvalues \\n%s' %e_vals)"
   ]
  },
  {
   "cell_type": "markdown",
   "metadata": {},
   "source": [
    "6. Display elbow plot to find out reduced number of dimensions (which covers more than 95% of the variance)."
   ]
  },
  {
   "cell_type": "code",
   "execution_count": 13,
   "metadata": {},
   "outputs": [
    {
     "name": "stdout",
     "output_type": "stream",
     "text": [
      "Cumulative Variance Explained [ 25.13090588  37.17723147  47.90957415  57.55714332  65.82739295\n",
      "  73.55269303  80.27008587  86.2856921   91.78644234  96.47605555\n",
      "  98.81616631 100.         100.         100.         100.\n",
      " 100.         100.         100.        ]\n"
     ]
    }
   ],
   "source": [
    "tot = sum(e_vals)\n",
    "var_exp = [( i /tot ) * 100 for i in sorted(e_vals, reverse=True)]\n",
    "cum_var_exp = np.cumsum(var_exp)\n",
    "print(\"Cumulative Variance Explained\", cum_var_exp)"
   ]
  },
  {
   "cell_type": "code",
   "execution_count": 14,
   "metadata": {},
   "outputs": [
    {
     "data": {
      "text/plain": [
       "[<matplotlib.lines.Line2D at 0x34c8e6b860>]"
      ]
     },
     "execution_count": 14,
     "metadata": {},
     "output_type": "execute_result"
    },
    {
     "data": {
